              precision    recall  f1-score   support

           0       0.94      0.85      0.89       169
           1       0.68      0.35      0.46       370
           2       0.74      0.88      0.80      1537
           3       0.52      0.13      0.21       170
           4       0.55      0.58      0.56       678
           5       0.68      0.62      0.65       126

    accuracy                           0.70      3050
   macro avg       0.69      0.57      0.60      3050
weighted avg       0.69      0.70      0.67      3050
