              precision    recall  f1-score   support

           0       0.70      0.96      0.81       169
           1       0.32      0.76      0.45       370
           2       0.90      0.52      0.66      1537
           3       0.38      0.46      0.42       170
           4       0.50      0.48      0.49       678
           5       0.57      0.81      0.67       126

    accuracy                           0.57      3050
   macro avg       0.56      0.67      0.58      3050
weighted avg       0.68      0.57      0.59      3050
