              precision    recall  f1-score   support

           0       0.67      0.95      0.79       169
           1       0.33      0.75      0.46       370
           2       0.94      0.44      0.60      1537
           3       0.33      0.55      0.42       170
           4       0.44      0.50      0.47       678
           5       0.52      0.80      0.63       126

    accuracy                           0.54      3050
   macro avg       0.54      0.67      0.56      3050
weighted avg       0.69      0.54      0.56      3050
