              precision    recall  f1-score   support

           0       0.95      0.88      0.91       169
           1       0.68      0.36      0.47       370
           2       0.75      0.89      0.82      1537
           3       0.53      0.38      0.44       170
           4       0.58      0.57      0.57       678
           5       0.77      0.60      0.67       126

    accuracy                           0.71      3050
   macro avg       0.71      0.61      0.65      3050
weighted avg       0.71      0.71      0.70      3050
