              precision    recall  f1-score   support

           0       0.71      0.97      0.82       169
           1       0.31      0.53      0.39       370
           2       0.79      0.58      0.67      1537
           3       0.26      0.53      0.35       170
           4       0.48      0.31      0.38       678
           5       0.38      0.78      0.51       126

    accuracy                           0.54      3050
   macro avg       0.49      0.62      0.52      3050
weighted avg       0.61      0.54      0.55      3050
