              precision    recall  f1-score   support

           0       0.90      0.91      0.90       169
           1       0.56      0.49      0.53       370
           2       0.81      0.83      0.82      1537
           3       0.46      0.32      0.38       170
           4       0.54      0.61      0.57       678
           5       0.74      0.59      0.65       126

    accuracy                           0.71      3050
   macro avg       0.67      0.62      0.64      3050
weighted avg       0.70      0.71      0.70      3050
