              precision    recall  f1-score   support

           0       0.94      0.86      0.90       169
           1       0.60      0.41      0.49       370
           2       0.77      0.83      0.80      1537
           3       0.40      0.22      0.28       170
           4       0.51      0.59      0.54       678
           5       0.70      0.63      0.67       126

    accuracy                           0.68      3050
   macro avg       0.65      0.59      0.61      3050
weighted avg       0.68      0.68      0.68      3050
