              precision    recall  f1-score   support

           0       0.91      0.88      0.89       169
           1       0.57      0.48      0.52       370
           2       0.79      0.83      0.81      1537
           3       0.44      0.22      0.30       170
           4       0.52      0.57      0.55       678
           5       0.66      0.69      0.68       126

    accuracy                           0.69      3050
   macro avg       0.65      0.61      0.62      3050
weighted avg       0.69      0.69      0.69      3050
