              precision    recall  f1-score   support

           0       0.89      0.91      0.90       169
           1       0.64      0.42      0.51       370
           2       0.78      0.85      0.81      1537
           3       0.46      0.31      0.37       170
           4       0.54      0.60      0.57       678
           5       0.75      0.61      0.68       126

    accuracy                           0.70      3050
   macro avg       0.68      0.62      0.64      3050
weighted avg       0.70      0.70      0.70      3050
