              precision    recall  f1-score   support

           0       0.51      0.96      0.67       169
           1       0.30      0.55      0.39       370
           2       0.85      0.47      0.60      1537
           3       0.27      0.56      0.36       170
           4       0.46      0.42      0.44       678
           5       0.43      0.79      0.56       126

    accuracy                           0.51      3050
   macro avg       0.47      0.62      0.50      3050
weighted avg       0.63      0.51      0.53      3050
