              precision    recall  f1-score   support

           0       0.85      0.98      0.91       169
           1       0.52      0.58      0.54       370
           2       0.84      0.78      0.80      1537
           3       0.38      0.51      0.43       170
           4       0.55      0.52      0.53       678
           5       0.68      0.75      0.72       126

    accuracy                           0.69      3050
   macro avg       0.63      0.69      0.66      3050
weighted avg       0.70      0.69      0.69      3050
