              precision    recall  f1-score   support

           0       0.90      0.96      0.93       225
           1       0.53      0.61      0.57       493
           2       0.84      0.78      0.81      2049
           3       0.41      0.41      0.41       227
           4       0.57      0.56      0.56       904
           5       0.56      0.84      0.67       168

    accuracy                           0.70      4066
   macro avg       0.63      0.69      0.66      4066
weighted avg       0.71      0.70      0.70      4066
