              precision    recall  f1-score   support

           0       0.95      0.85      0.90       169
           1       0.63      0.42      0.50       370
           2       0.78      0.85      0.82      1537
           3       0.47      0.09      0.15       170
           4       0.51      0.63      0.56       678
           5       0.62      0.56      0.59       126

    accuracy                           0.69      3050
   macro avg       0.66      0.56      0.59      3050
weighted avg       0.69      0.69      0.68      3050
