              precision    recall  f1-score   support

           0       0.91      0.90      0.90       169
           1       0.57      0.44      0.50       370
           2       0.81      0.81      0.81      1537
           3       0.51      0.13      0.21       170
           4       0.51      0.66      0.57       678
           5       0.62      0.66      0.64       126

    accuracy                           0.69      3050
   macro avg       0.66      0.60      0.61      3050
weighted avg       0.69      0.69      0.68      3050
