              precision    recall  f1-score   support

           0       0.55      0.97      0.70       169
           1       0.39      0.51      0.44       370
           2       0.83      0.56      0.67      1537
           3       0.25      0.60      0.35       170
           4       0.45      0.38      0.41       678
           5       0.42      0.80      0.55       126

    accuracy                           0.55      3050
   macro avg       0.48      0.64      0.52      3050
weighted avg       0.63      0.55      0.56      3050
