              precision    recall  f1-score   support

           0       0.69      0.95      0.80       169
           1       0.36      0.55      0.43       370
           2       0.85      0.55      0.67      1537
           3       0.25      0.62      0.35       170
           4       0.44      0.39      0.42       678
           5       0.47      0.82      0.59       126

    accuracy                           0.55      3050
   macro avg       0.51      0.65      0.54      3050
weighted avg       0.64      0.55      0.57      3050
