              precision    recall  f1-score   support

           0       0.86      0.95      0.90       169
           1       0.43      0.61      0.50       370
           2       0.89      0.59      0.71      1537
           3       0.34      0.51      0.40       170
           4       0.47      0.61      0.53       678
           5       0.56      0.84      0.68       126

    accuracy                           0.62      3050
   macro avg       0.59      0.69      0.62      3050
weighted avg       0.70      0.62      0.64      3050
