              precision    recall  f1-score   support

           0       0.95      0.86      0.90       169
           1       0.55      0.48      0.51       370
           2       0.80      0.84      0.82      1537
           3       0.49      0.38      0.43       170
           4       0.56      0.58      0.57       678
           5       0.66      0.62      0.64       126

    accuracy                           0.71      3050
   macro avg       0.67      0.63      0.65      3050
weighted avg       0.70      0.71      0.70      3050
